100
0 46 28 66 42 79 25 19 41 19 84 51 70 30 84 52 57 53 3 69 36 19 72 33 85 99 85 79 32 43 86 56 34 30 53 51 94 32 23 87 0 98 8 0 12 93 51 16 76 23 70 97 50 61 14 79 33 48 22 16 7 83 58 76 61 23 11 99 35 34 89 50 46 91 98 49 72 38 14 12 96 92 81 33 87 97 89 23 99 82 87 5 78 55 61 33 54 73 70 9 
85 0 30 15 19 4 74 7 9 75 34 34 51 8 52 22 66 12 53 83 14 62 55 8 88 65 32 99 59 99 96 18 20 45 31 69 2 59 78 30 68 56 60 75 54 13 74 70 90 91 49 29 27 84 76 2 64 57 28 80 91 66 15 8 90 10 2 38 68 1 88 51 38 12 77 96 80 80 64 70 54 67 87 18 99 16 24 3 29 82 61 3 17 4 32 86 46 60 13 79 
5 63 0 0 46 39 82 7 54 34 19 88 80 46 9 5 76 93 49 85 65 71 74 95 93 12 42 33 22 84 4 34 76 20 5 62 67 83 74 8 13 55 91 43 22 43 35 30 16 70 9 85 14 90 39 8 81 20 10 59 63 0 66 68 4 89 87 46 90 93 61 67 68 12 76 13 75 3 53 38 14 45 10 5 24 2 69 98 44 95 28 9 41 17 88 40 92 34 97 83 
36 99 78 0 73 80 96 2 81 27 11 50 90 33 68 61 5 74 23 95 68 82 6 50 85 65 57 72 29 0 64 66 35 23 73 89 16 77 52 97 12 87 40 26 9 86 91 86 41 97 89 57 54 98 67 19 37 5 31 50 3 47 77 28 76 25 25 55 34 14 84 20 70 65 32 66 27 9 23 97 20 59 8 48 69 33 98 55 42 58 91 29 90 54 53 73 18 9 36 72 
43 84 23 85 0 15 19 25 9 45 45 92 78 55 74 52 79 80 99 78 21 96 73 57 13 15 68 75 7 51 47 38 11 5 18 77 78 91 80 37 92 85 11 5 73 38 44 61 22 55 52 92 99 74 93 45 67 53 74 8 40 61 88 43 24 70 22 11 77 21 92 86 14 77 70 38 78 65 95 11 62 71 27 40 35 13 2 19 46 16 92 16 33 14 18 3 8 37 25 77 
36 27 55 86 15 0 81 79 44 53 88 46 39 3 78 16 12 74 9 8 95 55 4 78 61 75 31 75 94 78 63 22 54 52 71 17 27 56 35 54 51 73 70 94 59 43 6 93 75 5 86 64 34 1 82 95 70 20 35 41 9 50 74 27 71 98 37 75 12 52 57 95 34 4 60 5 68 96 99 48 19 10 84 84 62 4 77 36 57 57 53 66 34 49 32 89 35 40 7 11 
36 75 6 97 78 28 0 18 80 82 54 7 5 4 34 10 46 40 5 49 32 78 29 24 41 82 94 9 36 19 79 35 11 1 14 3 4 98 15 71 52 86 48 4 58 43 69 22 81 80 95 31 4 46 62 61 67 62 30 51 87 26 66 38 6 30 29 7 14 19 75 13 16 10 22 61 93 64 94 66 9 74 71 38 28 53 95 44 18 56 0 68 51 25 99 92 80 78 75 22 
9 8 49 86 56 83 25 0 95 62 14 95 42 14 99 23 66 95 82 59 40 12 21 28 99 39 67 81 25 81 23 0 72 2 54 65 3 84 26 36 65 59 53 71 36 4 69 58 35 91 17 16 43 59 62 23 52 44 9 80 84 85 12 52 37 60 68 43 52 32 73 52 19 42 18 85 70 16 73 90 30 17 88 48 51 21 77 28 92 86 34 83 47 1 57 8 98 24 31 75 
8 69 78 60 13 63 97 3 0 17 56 60 15 98 84 52 5 1 69 20 44 78 48 79 7 32 52 54 12 34 30 31 88 1 53 11 20 84 84 9 63 5 38 88 70 23 86 87 25 93 59 81 6 58 63 40 65 35 73 51 91 2 57 31 92 97 14 66 29 10 54 59 46 54 5 6 14 70 11 9 21 34 56 98 23 9 15 48 11 66 58 92 77 37 86 31 54 53 83 85 
6 18 80 34 21 67 85 75 91 0 10 33 89 1 57 42 77 74 93 92 79 22 67 59 41 98 51 41 80 53 76 28 30 96 61 44 27 90 26 10 73 18 51 70 16 29 66 35 88 67 13 29 26 42 87 82 62 44 20 29 42 39 96 65 68 2 9 79 69 18 93 44 6 14 9 43 41 45 61 90 86 67 54 22 1 15 6 52 11 36 36 12 28 86 47 11 62 88 29 37 
61 49 61 28 32 40 37 3 85 12 0 70 47 38 57 66 45 59 33 68 58 64 76 16 39 82 19 70 40 74 7 37 9 78 6 93 45 49 39 86 39 52 76 84 50 94 53 51 96 40 12 24 75 65 47 79 64 1 86 73 82 71 42 14 96 37 51 51 39 8 31 24 75 81 4 44 75 1 84 4 27 50 51 76 7 54 46 14 99 89 39 59 92 41 34 38 17 18 51 85 
62 24 65 4 86 52 79 66 30 7 62 0 58 76 46 16 82 26 71 24 87 20 93 82 54 46 19 26 39 97 88 57 36 82 11 72 17 61 58 30 86 92 35 1 27 57 15 33 59 64 92 45 24 62 14 15 64 96 63 26 13 60 15 19 23 99 84 21 3 67 50 70 28 96 63 4 22 26 54 88 14 1 22 62 81 14 99 86 30 34 56 51 95 18 64 23 88 82 14 35 
54 90 53 13 55 10 42 44 35 97 94 15 0 45 74 99 62 52 44 57 58 12 5 90 37 17 66 63 86 5 21 55 51 19 52 83 44 40 18 16 79 67 68 88 51 86 66 40 14 67 79 27 81 65 43 85 26 11 17 39 36 75 46 94 96 1 9 99 87 7 44 37 52 69 23 19 80 38 61 37 57 1 72 46 9 2 2 93 24 45 2 8 57 26 56 39 58 44 42 18 
10 64 64 21 28 73 36 93 82 56 99 19 92 0 50 67 66 47 91 13 78 87 12 94 20 17 82 11 50 70 40 3 39 81 86 39 52 14 99 29 98 33 54 88 40 26 63 3 42 80 0 24 40 10 43 65 76 84 10 7 19 31 14 76 95 63 54 7 90 11 36 58 83 53 58 0 6 11 83 5 62 82 61 79 55 73 79 51 54 74 31 33 14 5 53 32 65 10 88 10 
47 14 7 8 71 61 53 0 11 36 46 92 43 14 0 45 31 27 33 18 67 90 6 97 31 94 57 46 48 57 52 28 91 55 79 52 87 87 79 31 98 16 76 45 94 65 92 9 30 84 93 18 17 75 74 88 39 37 94 71 76 61 27 78 94 26 47 4 47 63 30 28 72 42 75 94 88 75 4 33 62 90 49 74 7 66 68 35 72 22 21 58 79 11 13 29 72 4 29 82 
55 66 97 87 85 44 34 67 25 37 42 45 90 25 66 0 3 51 43 34 4 50 42 85 82 2 19 43 62 63 78 50 66 88 57 29 17 61 73 69 32 83 52 77 89 78 54 60 4 85 4 70 1 61 11 95 68 20 34 78 73 57 62 61 8 82 51 43 62 4 43 38 95 79 8 19 76 42 67 65 21 27 92 57 47 65 62 70 23 26 99 56 6 52 13 43 49 36 32 89 
78 35 44 84 70 72 4 90 23 38 17 71 42 83 9 95 0 21 87 83 10 47 44 3 17 0 66 95 98 92 51 70 96 57 56 22 84 36 52 25 8 82 87 88 90 36 62 63 0 25 54 34 72 96 65 70 87 68 46 89 73 37 50 62 0 70 53 84 36 70 80 70 31 45 23 85 69 86 19 63 16 61 61 67 31 94 75 39 33 87 5 89 17 45 94 15 33 14 9 41 
92 31 71 76 88 63 48 18 72 60 35 33 43 82 54 19 64 0 90 15 2 47 34 37 64 84 35 75 74 54 53 64 19 18 15 59 74 99 25 33 20 36 22 2 20 29 16 13 68 86 64 56 56 84 72 40 55 50 7 49 2 97 83 86 93 69 98 17 13 20 87 2 36 36 89 39 48 70 2 56 47 77 74 76 81 42 43 28 52 46 93 63 64 97 39 72 7 26 64 72 
72 31 41 92 56 53 20 99 42 81 42 80 28 30 62 48 28 35 0 48 99 45 40 94 57 99 85 74 44 17 15 74 49 0 28 66 5 86 22 55 69 50 71 30 74 76 88 91 71 74 61 39 28 48 41 73 69 49 79 24 96 62 16 51 76 41 95 20 55 24 3 39 27 83 45 7 37 93 48 97 30 58 18 8 83 35 8 10 53 74 29 49 91 4 15 28 8 21 60 21 
4 64 25 39 47 26 49 4 89 17 61 77 81 64 11 71 69 0 17 0 53 10 43 96 17 17 62 7 96 82 43 6 54 2 88 43 95 45 46 8 47 6 86 35 13 67 34 56 59 76 49 93 19 39 40 12 99 90 96 69 75 18 89 79 39 88 66 90 35 46 60 90 42 12 62 55 80 85 97 77 61 74 84 52 59 81 40 13 28 66 2 55 33 55 8 89 15 79 89 73 
40 14 79 75 58 51 39 84 3 43 16 50 5 42 91 48 18 44 27 39 0 52 94 48 1 70 54 87 77 15 61 28 24 49 81 56 99 55 52 31 95 4 40 93 86 2 16 25 83 50 83 66 22 99 88 22 94 11 7 2 59 47 88 73 92 54 18 83 42 57 29 60 83 18 45 8 23 30 8 78 89 41 31 61 2 44 34 21 22 7 81 50 79 35 38 63 28 88 10 66 
0 11 88 80 53 61 82 62 40 35 42 57 93 26 20 31 2 1 67 47 74 0 43 65 99 77 67 25 98 41 54 40 60 56 6 0 85 87 13 22 86 88 2 78 48 75 18 21 57 96 36 27 9 65 65 47 84 65 78 84 29 70 80 2 99 84 18 29 69 92 75 78 89 52 15 21 78 12 88 51 14 42 82 2 71 27 11 46 74 99 65 43 38 31 2 29 3 26 7 0 
59 29 82 54 87 65 29 54 23 43 44 82 15 6 62 33 5 17 97 83 72 71 0 44 31 36 45 37 12 45 43 64 3 99 20 15 61 35 57 30 85 19 89 18 65 83 34 13 62 87 38 17 94 39 97 39 6 71 72 0 85 73 16 42 88 24 77 64 24 5 17 52 18 41 45 7 25 95 87 32 43 66 83 53 34 58 28 69 46 87 34 55 25 42 55 34 94 56 67 79 
51 90 77 36 1 27 11 14 2 58 65 97 43 0 83 48 84 22 46 68 37 44 5 0 19 95 13 5 93 33 70 14 15 65 70 5 61 78 40 64 91 23 93 88 88 14 86 43 30 84 47 89 34 25 6 25 98 48 9 18 10 53 66 59 97 23 48 44 45 42 76 99 46 57 56 84 27 40 57 69 4 81 23 14 75 37 57 25 62 64 42 78 59 90 56 21 96 64 9 40 
70 23 71 29 84 76 30 5 48 21 47 36 41 0 97 41 49 86 69 49 23 43 34 16 0 18 64 20 16 40 41 36 56 41 31 5 1 72 75 31 27 44 78 58 2 45 72 71 74 22 18 86 30 31 8 6 54 1 16 22 85 45 26 50 59 62 97 3 55 42 7 60 73 27 33 72 3 69 46 49 9 88 31 96 39 44 35 41 47 12 33 50 12 56 59 14 19 40 45 11 
20 59 28 93 5 65 68 15 55 31 50 0 22 97 39 95 16 2 14 92 50 81 59 44 52 0 20 7 13 18 73 32 6 87 30 5 33 49 57 26 33 83 17 96 56 45 57 68 11 26 75 19 2 97 38 14 80 33 89 79 34 13 87 20 12 81 79 39 64 51 96 59 64 55 11 67 36 10 90 73 93 17 73 67 45 90 40 66 26 67 79 50 34 28 35 95 93 53 14 41 
79 37 42 88 98 37 55 16 65 44 94 54 51 27 71 49 25 46 43 43 38 23 3 78 8 39 0 84 35 65 23 56 80 38 80 59 59 65 75 19 94 46 89 42 8 6 98 13 26 75 77 59 86 16 45 92 44 37 26 16 86 77 92 16 88 44 24 91 62 4 25 70 70 88 83 66 37 6 74 52 62 86 15 15 77 16 71 70 87 97 41 9 3 15 3 30 29 2 77 69 
31 42 58 5 56 98 19 66 87 80 46 91 72 31 4 0 46 34 35 14 41 79 44 92 75 24 81 0 43 66 95 51 50 20 77 42 95 12 61 38 37 21 66 62 62 53 10 4 66 56 7 69 71 43 47 19 33 16 61 61 93 76 20 14 86 72 48 74 44 57 40 42 52 7 5 75 93 73 46 31 9 47 61 24 13 28 90 93 76 72 92 91 62 30 36 21 21 87 39 81 
92 63 24 8 3 81 66 72 69 63 59 12 53 64 1 32 60 49 60 48 0 61 51 92 66 73 88 70 0 22 94 37 60 95 96 80 60 70 51 3 86 25 96 83 17 73 9 40 26 65 82 8 66 46 25 20 32 4 93 95 35 54 79 96 94 2 46 17 10 81 66 14 76 49 83 99 92 26 16 0 25 31 50 7 0 26 55 77 45 11 14 30 30 61 72 51 23 48 66 42 
29 7 36 41 18 58 50 45 99 48 27 38 50 6 6 84 47 4 35 76 33 62 43 1 33 3 16 74 12 0 54 75 36 67 57 31 14 89 67 75 9 4 79 52 23 68 75 10 64 49 3 22 31 64 38 40 87 61 48 55 61 92 35 90 75 27 35 66 63 60 8 22 10 72 98 14 77 24 61 66 90 27 89 70 80 29 73 35 52 98 87 25 28 60 79 67 2 96 65 9 
70 16 82 84 21 91 82 46 50 32 56 17 59 61 24 53 25 64 86 66 37 60 77 38 95 99 66 9 21 55 0 26 40 6 44 3 49 65 49 88 70 72 31 16 51 66 7 52 46 29 42 89 34 22 83 66 79 2 82 8 57 81 5 3 27 38 56 89 49 11 18 89 15 65 66 46 42 28 20 7 68 35 98 15 54 10 39 58 42 93 55 62 79 18 92 44 3 96 73 35 
79 51 74 4 90 27 63 73 28 76 74 44 78 81 52 87 83 94 80 44 33 20 29 15 38 47 9 37 51 39 34 0 30 36 7 4 11 62 64 22 81 61 91 7 98 45 38 5 53 9 77 50 34 71 3 53 20 83 29 24 42 59 34 84 17 4 34 2 19 79 7 86 91 43 97 85 70 38 70 21 66 31 47 76 50 32 71 29 67 98 15 5 46 23 99 82 88 18 6 50 
84 65 23 7 22 39 81 90 75 2 72 6 12 86 46 48 68 8 78 77 70 66 70 8 22 59 33 20 35 15 31 42 0 42 24 62 62 70 32 7 19 95 72 66 63 17 6 23 52 78 16 61 28 13 76 77 64 98 83 36 91 19 42 62 44 81 81 87 34 75 84 88 25 68 7 71 25 17 6 73 93 38 54 40 74 6 12 25 91 54 87 60 3 47 52 43 97 56 39 10 
83 78 8 80 82 35 38 51 46 18 27 26 99 94 60 87 44 55 41 73 83 65 88 25 26 87 25 77 54 0 17 54 42 0 38 48 78 79 92 42 78 6 90 89 34 86 47 89 43 41 27 52 38 94 21 21 3 74 68 88 57 49 85 45 1 34 39 47 58 84 31 40 12 7 68 63 62 58 40 13 66 89 98 20 35 42 36 50 54 39 69 7 6 74 98 14 46 84 45 54 
53 8 43 69 61 64 61 94 61 87 40 52 70 17 41 31 61 5 7 39 54 12 18 95 64 71 69 61 21 95 1 97 27 73 0 58 55 45 14 4 1 24 57 78 42 21 37 23 87 96 89 97 80 15 69 55 59 77 83 12 92 70 64 34 39 39 2 50 36 60 31 25 78 43 44 47 12 76 51 80 72 59 87 64 66 81 39 53 53 82 26 0 57 17 70 45 85 54 38 83 
87 22 7 60 99 57 19 11 61 92 25 85 31 54 71 70 3 48 33 79 22 30 15 53 98 6 93 12 90 87 79 55 68 19 76 0 21 60 74 72 18 80 3 71 80 76 46 53 84 49 40 55 85 57 42 64 26 1 49 74 21 63 95 63 0 4 11 81 65 10 59 77 7 47 51 52 19 15 59 92 73 83 93 86 55 35 1 43 13 33 50 72 59 60 22 63 35 29 10 19 
23 57 44 60 95 6 98 12 74 71 64 38 31 73 87 82 78 32 41 45 56 63 29 39 43 33 54 7 60 93 77 64 28 73 72 63 0 46 95 30 48 31 13 46 78 32 7 59 53 25 99 90 79 87 33 70 0 64 41 18 7 7 6 90 40 43 77 8 75 72 55 6 75 36 16 36 7 45 29 43 66 57 77 53 11 88 64 37 23 46 61 12 79 32 50 30 69 0 14 19 
44 9 7 17 46 4 61 46 43 18 84 56 58 72 82 21 30 54 5 34 47 45 0 36 95 74 0 2 66 39 15 41 2 36 2 57 84 0 16 92 70 52 99 82 95 47 64 5 63 76 48 67 54 32 50 35 19 55 50 25 44 92 44 97 8 85 62 15 61 85 71 4 61 35 19 5 42 80 40 3 27 72 59 98 31 34 23 74 69 79 4 15 49 89 96 88 1 13 59 56 
93 98 93 31 98 68 71 32 86 90 5 52 96 84 87 54 98 14 99 57 97 62 7 28 74 97 18 16 47 57 14 61 32 2 2 18 79 95 0 75 19 76 4 25 71 51 83 87 55 27 24 63 83 43 62 61 38 85 99 75 48 48 27 65 48 24 14 38 12 44 36 83 99 30 79 78 45 19 72 44 82 19 11 1 20 96 85 40 43 16 79 25 9 28 81 78 31 60 57 54 
51 30 55 63 18 38 10 16 86 92 37 15 61 68 35 16 2 48 72 97 6 5 70 94 38 24 73 38 28 80 47 61 92 92 16 94 6 90 13 0 85 97 7 96 73 42 28 64 32 79 38 68 67 35 42 39 65 36 63 65 49 69 20 53 80 2 35 74 57 85 8 41 19 51 36 70 53 72 53 51 94 96 63 51 12 95 53 10 63 95 10 14 23 17 0 6 18 14 87 51 
68 1 66 41 49 91 74 24 26 39 52 44 64 0 42 42 70 60 28 60 7 10 41 57 99 32 40 91 39 48 31 77 39 57 10 74 72 11 26 0 0 83 35 10 70 33 20 12 65 70 28 49 77 49 58 83 32 54 95 44 51 3 55 55 94 89 54 39 75 42 48 51 39 5 25 49 45 90 48 80 7 12 10 22 59 77 55 92 67 24 24 20 54 50 92 88 56 83 46 76 
60 77 77 18 49 68 43 51 74 89 75 59 14 40 33 26 56 68 69 86 72 81 13 20 37 77 79 54 92 5 54 87 90 81 44 39 49 19 47 39 72 0 65 82 49 41 73 96 44 40 49 55 18 54 64 88 60 95 79 15 20 78 43 79 55 64 16 46 33 9 16 32 24 11 86 37 48 75 28 80 14 54 92 93 66 73 78 63 16 65 37 37 63 18 21 88 63 35 76 39 
80 76 25 70 24 64 20 51 87 94 57 18 35 70 53 41 38 60 27 53 48 98 97 9 74 72 10 93 97 46 40 50 21 41 15 9 34 46 80 85 16 24 0 52 3 15 45 57 93 69 21 83 71 0 31 65 14 42 48 3 58 80 42 13 36 23 38 41 41 21 70 33 66 71 26 1 82 22 10 99 69 80 66 30 59 25 31 57 89 10 58 32 47 48 53 65 44 55 93 73 
75 75 55 36 56 53 9 43 18 15 38 92 39 6 4 95 83 85 6 63 98 67 13 69 89 57 6 62 27 25 51 17 37 91 30 47 29 22 91 7 26 44 60 0 10 81 64 23 55 25 37 89 25 8 72 51 33 51 11 94 88 45 20 44 30 29 33 53 56 1 9 57 37 79 20 52 7 35 21 0 30 31 41 71 2 92 2 42 58 16 90 87 93 74 81 0 36 54 0 31 
30 74 7 19 77 78 51 19 14 46 14 21 8 0 34 24 82 93 88 80 18 38 2 5 3 25 63 43 19 56 78 81 94 13 59 4 26 60 9 8 4 74 23 42 0 97 52 98 13 66 24 15 55 82 68 19 59 9 86 62 17 86 79 26 70 23 17 29 2 57 3 2 56 55 63 67 81 56 64 95 61 33 97 75 60 65 83 45 85 99 91 72 22 98 28 52 87 61 52 39 
44 54 37 34 82 77 84 90 1 74 30 79 85 67 24 27 23 45 85 20 76 82 18 74 65 11 61 88 78 60 79 14 45 21 29 73 94 66 22 57 74 59 32 40 96 0 73 36 3 80 0 96 8 55 97 52 7 68 1 44 90 90 97 6 49 75 42 95 96 65 0 97 28 63 66 33 68 27 81 62 88 79 55 18 57 58 72 32 48 45 96 4 90 8 3 64 58 72 76 79 
49 6 97 20 54 78 73 1 49 1 81 81 78 60 78 5 11 6 72 63 44 50 83 65 24 3 70 38 5 69 20 46 85 50 64 36 43 29 6 24 85 2 37 99 20 66 0 16 84 38 79 75 13 53 65 35 51 64 36 82 95 47 2 58 67 8 16 14 12 20 65 74 26 90 79 7 29 86 3 14 43 99 31 63 25 23 79 48 87 78 10 12 24 55 55 74 93 66 56 25 
2 25 38 25 91 18 95 17 2 14 14 72 79 96 21 76 60 43 12 10 75 86 77 3 77 34 28 91 50 76 35 7 47 69 92 26 36 59 63 94 96 45 90 98 90 62 62 0 28 6 32 56 72 37 53 58 47 74 28 9 98 37 0 48 24 78 93 31 91 80 24 26 23 68 81 64 76 58 22 0 61 74 39 43 67 72 13 4 21 54 28 34 39 15 31 80 62 41 12 7 
26 35 88 36 39 77 26 48 57 42 42 66 26 9 84 49 55 28 51 72 56 85 14 55 74 62 54 38 59 9 15 44 8 81 37 10 58 60 48 31 51 34 67 41 64 75 78 94 0 80 77 55 45 16 45 95 79 39 91 7 78 38 41 21 70 4 94 10 47 36 25 85 71 36 26 82 8 90 71 2 26 65 79 74 67 17 64 35 84 45 7 48 17 31 71 71 52 64 98 47 
60 17 20 24 81 84 26 9 16 40 18 95 88 0 94 42 75 40 35 77 96 37 61 59 71 23 28 21 80 94 86 40 28 66 16 3 68 89 95 46 76 38 64 41 45 23 3 76 84 0 56 25 57 88 59 49 42 46 37 63 41 92 15 73 29 67 86 61 58 86 21 31 71 60 33 28 98 70 91 21 29 83 25 75 13 4 43 11 75 40 85 90 62 73 55 86 13 14 66 53 
90 98 33 72 2 61 31 3 99 33 12 40 47 79 16 45 30 97 37 76 48 9 96 26 58 76 61 63 98 24 17 70 54 79 33 49 61 30 83 96 46 39 53 20 24 48 0 58 35 33 0 40 2 51 88 41 66 89 27 15 95 3 94 43 29 55 7 17 58 10 72 42 33 99 84 95 17 78 91 69 59 29 33 81 59 6 73 12 47 4 39 47 39 16 91 44 69 89 24 76 
31 76 90 70 92 30 60 38 51 83 31 19 84 15 56 60 9 3 77 97 93 55 76 74 61 17 7 60 35 43 31 96 16 38 76 98 61 85 55 50 19 69 97 67 64 19 32 68 94 64 71 0 25 99 1 25 20 99 67 27 36 91 54 41 91 30 2 99 98 77 23 73 3 36 50 16 68 12 89 88 31 58 72 4 90 62 39 0 64 24 96 62 39 52 65 60 81 48 75 38 
79 68 34 14 52 25 84 56 86 44 18 19 83 55 27 82 11 30 36 68 43 40 93 49 94 75 96 61 48 70 8 74 47 50 2 73 30 52 85 82 58 63 21 51 65 86 64 56 49 54 57 60 0 89 15 94 19 67 36 61 4 86 92 7 58 25 14 12 48 49 41 68 98 91 6 39 50 89 4 61 52 90 67 57 98 50 37 87 80 68 50 93 36 97 74 23 3 98 29 19 
5 77 78 28 70 45 33 56 89 86 72 81 98 61 13 49 8 2 82 40 73 65 34 75 47 2 92 76 3 64 74 76 77 49 16 31 76 60 83 83 24 82 69 28 82 10 39 40 95 20 95 18 82 0 40 23 68 44 8 14 78 21 58 26 39 57 15 60 0 84 77 77 12 64 43 1 34 77 2 6 3 8 61 55 55 69 27 55 67 46 14 69 17 42 44 69 3 3 41 5 
99 1 71 35 40 39 42 92 55 31 84 6 5 25 97 9 36 80 53 80 78 39 91 52 37 12 58 7 37 32 48 83 96 75 66 92 3 45 58 80 95 66 96 86 79 11 52 47 74 55 22 90 77 85 0 8 51 94 51 37 27 96 92 99 2 14 3 6 77 28 24 57 63 90 89 94 99 4 10 10 85 27 17 83 98 61 33 53 22 56 62 52 26 69 79 80 18 95 72 16 
85 60 79 25 79 40 1 11 5 13 53 58 1 96 18 39 20 61 55 17 29 71 9 0 47 67 92 21 40 62 42 63 70 54 42 99 2 13 36 98 31 74 50 9 20 94 63 86 76 54 64 54 97 79 69 0 87 27 42 77 11 2 55 42 24 77 27 48 19 11 25 50 83 62 54 60 3 59 87 31 29 17 28 6 90 64 56 97 43 22 8 5 17 38 94 8 29 53 30 30 
36 22 48 57 67 13 37 18 3 61 81 39 42 64 62 5 38 96 38 81 83 51 11 91 81 31 31 90 72 88 4 77 80 63 62 16 49 98 40 18 55 42 98 94 67 12 52 23 14 64 69 54 20 79 39 61 0 73 73 38 43 16 23 72 27 13 39 59 68 69 30 79 94 85 98 88 92 36 71 0 59 57 24 57 40 33 6 65 37 82 0 91 48 74 25 75 13 44 45 0 
95 95 8 29 99 38 37 93 6 27 86 83 20 20 64 91 9 26 91 16 80 60 20 91 15 21 44 68 43 44 36 39 49 24 94 87 93 86 52 11 59 66 80 79 96 28 96 93 80 39 51 53 10 39 30 72 51 0 73 93 76 41 51 86 37 1 15 69 32 64 16 53 37 99 12 3 36 89 78 81 64 10 65 30 0 71 22 80 99 25 78 83 23 63 35 78 74 59 60 41 
89 80 18 98 94 63 10 68 41 9 37 25 56 1 55 43 4 75 39 24 8 52 61 56 84 69 5 21 91 87 24 69 25 9 78 34 60 75 51 26 71 58 12 26 26 28 13 51 37 54 16 1 87 57 92 69 91 90 0 33 37 10 91 54 50 73 15 73 21 34 94 99 98 9 93 70 47 72 48 91 46 68 20 29 23 81 67 74 13 25 92 50 11 61 56 98 15 64 90 42 
91 68 52 66 84 16 82 88 20 12 68 10 83 53 48 64 91 56 42 20 41 50 74 26 76 42 56 12 33 3 97 27 21 2 85 12 23 92 21 41 42 84 1 81 3 19 20 95 51 97 23 72 49 41 63 11 47 86 10 0 25 40 5 2 70 93 75 46 34 53 63 62 95 39 86 38 12 74 18 18 35 49 85 5 25 76 7 76 74 64 62 63 20 15 59 23 12 81 85 23 
35 43 20 41 48 41 44 35 16 63 56 63 64 16 78 17 47 36 3 37 43 55 84 70 97 79 13 70 49 64 95 87 88 0 81 69 9 54 64 93 96 19 2 80 10 55 61 90 39 78 90 78 29 73 10 83 12 52 33 29 0 0 62 41 94 68 34 66 80 74 60 28 35 28 94 47 3 8 52 19 48 51 41 23 56 41 60 31 67 98 10 46 13 75 7 47 64 87 97 16 
84 59 2 58 82 88 75 24 77 32 91 54 36 90 19 47 24 48 22 58 6 54 36 86 54 4 39 89 18 53 39 67 23 15 97 60 25 61 19 52 94 36 98 40 58 21 68 81 69 31 33 21 34 77 90 38 52 64 78 67 36 0 10 34 90 99 44 99 32 52 98 9 28 10 16 43 15 80 34 50 94 94 21 51 35 70 65 86 77 63 30 21 57 77 23 66 13 85 72 25 
57 64 63 54 35 17 6 0 73 20 24 91 65 3 40 76 79 11 96 86 15 50 12 79 47 81 95 1 82 29 44 36 75 36 69 98 59 86 64 91 85 54 11 83 99 79 30 42 75 47 37 42 41 91 56 16 97 13 55 53 38 67 0 83 75 57 97 51 45 68 59 56 23 46 65 63 12 80 4 9 30 46 21 89 84 51 5 67 56 20 96 53 38 87 43 54 22 29 26 89 
90 15 78 40 4 58 13 5 16 7 76 41 53 32 6 91 14 44 27 9 67 50 90 23 38 41 1 50 49 18 80 15 42 16 97 32 75 40 43 48 75 44 20 0 2 52 1 31 80 5 94 86 22 20 20 41 87 91 1 73 44 84 33 0 14 92 42 46 74 94 79 6 77 34 88 92 84 80 48 19 5 52 37 55 17 99 94 17 49 13 58 34 55 28 99 52 61 85 65 58 
44 99 89 78 30 49 95 32 82 93 95 51 78 92 49 12 71 84 93 98 93 17 38 2 14 48 31 38 56 97 22 22 11 33 77 40 89 24 96 12 86 69 37 85 5 76 33 42 12 84 27 82 20 55 45 99 44 15 40 33 44 4 33 28 0 79 72 83 55 89 14 47 12 8 98 30 34 50 46 95 33 92 79 33 98 70 99 82 3 54 15 86 25 27 49 85 52 32 36 75 
60 15 88 41 76 3 38 82 29 65 80 90 9 10 1 0 97 8 56 35 68 28 59 29 33 23 17 27 32 69 61 21 42 46 74 78 68 25 55 73 11 55 78 88 18 16 82 70 83 73 11 44 39 90 68 17 13 8 99 22 67 83 63 60 98 0 98 39 21 19 96 67 95 99 23 17 9 55 88 35 12 61 29 40 86 56 43 36 90 54 44 16 19 81 34 7 50 59 75 60 
7 79 80 77 64 9 93 1 98 62 43 18 75 6 53 34 77 23 4 33 40 59 17 36 21 41 70 60 22 69 86 96 23 38 39 57 92 34 58 38 95 93 32 65 73 34 79 2 72 40 73 85 83 92 99 86 37 9 30 13 0 69 50 76 58 30 0 55 27 0 81 57 67 55 70 61 99 84 62 13 79 39 35 90 2 27 62 0 27 14 31 64 88 41 62 55 36 72 41 49 
36 22 31 30 9 78 99 48 24 35 66 63 14 55 47 82 67 68 65 78 67 65 60 14 85 31 28 65 24 19 4 49 71 19 99 9 20 66 81 62 0 65 60 95 71 0 90 99 84 71 47 72 73 77 29 21 58 51 44 69 83 62 91 47 39 67 1 0 27 59 52 77 35 76 12 3 55 38 1 42 23 86 82 67 30 94 7 48 8 53 5 2 70 22 23 50 82 22 11 94 
7 75 6 69 18 78 70 96 38 82 91 21 43 95 18 94 37 18 11 10 61 12 9 80 44 24 82 41 96 47 1 9 37 39 16 30 8 96 41 37 21 92 69 93 34 9 15 2 20 40 60 7 2 93 3 85 16 62 28 4 7 79 78 71 66 8 81 39 0 22 77 40 94 59 55 68 11 58 19 66 86 7 77 6 62 64 95 71 74 65 24 21 38 32 40 11 43 72 34 94 
2 65 69 95 89 84 52 59 35 69 69 29 43 66 77 6 37 43 66 74 97 95 94 36 17 42 95 14 18 38 49 35 10 40 64 65 13 76 11 47 41 88 87 58 32 94 83 8 23 18 10 50 42 31 27 65 47 94 13 32 38 57 48 94 22 26 51 44 35 0 23 95 83 5 87 65 55 94 82 44 7 79 47 20 80 23 87 59 93 70 97 85 98 6 19 95 30 28 82 12 
23 61 18 37 52 67 29 55 70 76 47 32 55 15 4 10 65 95 5 32 80 20 73 95 98 23 79 92 13 74 13 85 54 63 32 65 18 91 43 26 25 82 75 38 30 37 30 42 15 87 17 60 77 14 86 71 38 67 45 93 43 30 71 9 13 75 30 79 8 33 0 26 65 78 93 76 51 65 66 56 35 12 33 77 28 89 48 10 46 92 14 57 99 57 66 35 44 24 68 19 
50 18 28 99 52 59 28 21 51 7 15 88 53 26 21 67 59 27 66 39 10 2 23 24 61 71 79 35 74 67 63 35 46 17 18 41 39 54 40 23 77 1 26 20 20 51 10 82 38 64 60 74 57 79 34 17 84 84 17 85 75 54 42 2 17 97 37 7 90 9 32 0 96 82 34 28 5 29 53 4 66 73 7 74 75 81 34 28 60 4 84 52 18 32 9 5 88 93 41 78 
92 69 26 56 90 45 32 1 7 70 94 83 48 87 45 92 94 64 77 40 30 76 96 64 41 55 24 99 90 14 97 37 29 5 84 13 13 68 23 60 5 1 40 17 79 1 14 78 38 22 95 91 54 65 72 9 84 6 47 20 7 82 90 31 78 45 47 99 99 92 24 51 0 1 85 73 15 95 71 8 11 48 73 24 16 16 15 47 10 53 68 62 72 44 43 56 10 46 88 10 
60 26 0 6 53 89 86 83 99 13 40 2 65 8 90 75 27 61 5 74 85 5 73 57 49 95 93 26 2 3 56 71 26 97 70 70 1 6 52 0 56 88 37 90 22 78 2 62 61 55 4 28 20 60 85 12 80 82 14 61 85 71 89 33 9 4 83 24 28 56 87 71 79 0 44 94 84 47 58 87 0 57 56 40 86 9 42 77 84 39 1 83 40 90 75 97 52 40 32 26 
75 7 78 12 12 11 77 46 97 52 7 79 81 75 72 28 79 86 98 67 83 89 70 11 68 89 58 9 56 63 8 45 99 64 69 54 18 8 88 10 73 93 74 89 65 48 29 81 76 60 53 57 70 55 11 40 68 57 98 50 49 10 88 93 89 48 85 12 51 47 24 13 7 82 0 67 14 92 20 13 39 68 95 3 70 30 60 55 19 49 96 53 7 7 95 85 45 49 87 6 
16 66 72 53 65 52 79 13 92 22 17 71 13 16 51 64 42 73 37 46 32 51 92 8 16 93 35 86 87 22 17 76 9 35 81 55 95 87 76 50 13 75 14 64 40 71 76 87 17 76 88 21 6 85 50 35 9 18 92 67 72 45 18 94 4 98 84 91 14 0 97 84 15 31 60 0 83 52 22 82 78 47 72 88 71 38 27 34 26 10 71 37 40 27 61 30 58 91 71 81 
32 76 89 61 16 32 94 33 0 0 69 40 19 37 35 66 4 83 26 56 24 99 1 87 98 85 87 4 33 24 18 83 23 22 83 30 70 35 36 29 47 97 7 28 38 98 3 57 17 67 57 76 78 29 64 61 92 10 54 2 42 53 91 58 62 56 81 98 5 20 9 82 20 19 8 57 0 69 57 98 6 24 8 26 58 8 7 64 72 58 21 95 22 60 44 86 55 11 81 4 
87 55 51 29 83 16 17 97 74 67 4 46 99 11 22 50 46 78 25 65 78 32 7 5 30 2 0 47 49 5 62 67 31 82 33 24 61 90 0 78 4 79 62 69 19 22 74 63 20 83 11 7 10 55 68 57 0 53 45 70 89 13 54 20 3 15 44 54 38 3 19 62 92 82 96 93 91 0 35 28 9 87 9 33 34 74 66 59 26 33 37 40 19 42 54 34 3 87 18 14 
68 18 34 63 42 92 15 76 52 74 16 80 3 65 90 59 63 74 90 45 41 81 54 35 66 96 84 86 21 47 62 34 0 4 35 24 57 25 28 92 44 53 72 89 86 24 39 82 40 66 13 90 66 24 11 20 35 20 63 98 33 47 56 32 19 84 54 78 32 71 71 30 44 99 16 55 53 93 0 83 48 22 71 5 5 76 82 13 66 66 25 44 9 16 47 12 36 22 99 87 
4 74 10 17 44 60 0 39 32 5 61 28 47 98 73 81 95 27 71 84 41 0 24 17 15 34 18 82 83 15 4 63 99 16 33 54 77 47 5 49 94 89 46 4 10 86 26 86 92 36 83 84 37 55 8 61 30 38 78 66 67 63 59 5 22 61 30 78 90 27 37 14 86 78 21 64 21 76 60 0 58 67 79 81 77 18 0 65 21 96 21 93 3 2 47 5 18 34 18 4 
92 89 47 25 62 67 47 38 12 29 38 23 39 57 95 51 34 81 8 56 51 18 6 53 86 67 57 89 56 59 98 58 22 68 51 36 42 58 17 73 7 16 73 26 61 14 5 11 40 20 1 8 98 75 77 24 43 46 99 92 69 49 50 10 66 33 95 54 9 23 7 5 35 96 54 1 50 97 36 59 0 27 81 0 30 74 64 56 43 58 75 71 89 81 75 46 38 73 94 79 
96 88 37 26 96 82 43 36 29 92 11 64 5 79 3 78 21 0 85 76 74 2 26 63 45 82 61 13 47 26 58 55 17 82 69 26 13 29 99 54 89 10 0 23 86 47 50 93 53 10 89 32 93 53 44 74 86 70 5 35 57 58 65 66 58 59 87 22 79 55 83 62 42 65 83 94 34 0 30 87 75 0 95 21 41 72 77 16 3 31 56 21 57 76 62 91 14 86 79 14 
46 19 6 59 90 71 80 53 4 17 14 12 22 62 44 81 82 63 99 65 64 73 0 2 99 48 59 37 95 37 94 79 20 66 64 64 4 60 47 49 87 75 69 78 20 71 39 36 40 70 38 57 3 39 27 31 4 17 88 42 15 72 49 10 33 70 10 88 23 86 46 65 47 0 33 10 87 1 47 35 78 20 0 24 79 62 34 72 57 44 31 76 21 43 7 55 18 19 20 4 
33 90 33 41 19 53 0 29 79 61 60 92 26 18 31 83 48 48 68 3 44 81 61 34 32 79 60 49 28 38 28 25 54 27 83 21 51 60 90 22 61 29 85 98 0 92 9 4 74 17 92 72 63 44 53 7 30 91 61 45 92 65 50 87 75 53 86 73 58 41 48 24 56 2 55 66 6 69 16 83 23 45 75 0 40 19 16 97 67 28 63 82 5 21 93 46 84 64 52 38 
14 24 68 76 7 84 2 31 47 56 37 14 31 9 7 64 42 12 42 43 85 4 67 22 21 72 65 55 1 57 72 90 42 69 20 35 2 34 28 72 62 9 51 48 17 58 89 92 67 89 57 5 91 32 68 81 91 21 94 79 30 51 53 82 3 64 93 90 59 40 12 35 89 86 15 2 86 93 42 46 69 87 62 84 0 43 30 12 80 33 87 11 69 50 56 34 50 69 81 24 
51 68 8 13 3 54 59 70 64 43 87 2 54 18 46 36 88 10 52 16 54 74 87 89 68 70 90 9 48 34 22 21 67 66 29 65 84 72 23 92 70 27 38 81 21 17 29 5 93 60 89 69 15 26 5 91 73 38 56 49 1 40 49 59 42 48 79 83 55 36 71 72 60 45 71 75 86 99 21 5 59 92 13 77 36 0 62 24 70 85 10 2 58 27 30 23 43 36 4 58 
43 15 97 50 59 6 44 11 48 34 54 57 65 62 51 49 17 33 93 81 74 30 78 77 32 81 24 75 20 28 24 35 77 36 43 58 16 67 45 53 80 12 36 55 92 98 14 3 30 28 75 95 46 37 21 43 72 76 47 50 55 92 73 8 17 35 82 16 92 5 68 5 95 72 53 13 59 14 62 49 30 39 49 56 42 18 0 56 54 0 79 90 28 75 27 27 75 79 19 15 
67 22 22 64 39 93 59 15 59 50 88 94 10 11 6 69 29 51 49 11 92 57 15 13 56 73 16 97 79 39 21 53 69 35 20 98 75 79 64 92 94 76 82 8 6 43 12 17 37 65 81 58 51 19 58 97 87 12 84 44 12 29 56 96 95 30 77 71 82 27 44 63 98 34 34 66 85 96 57 37 54 51 80 61 6 74 99 0 20 89 57 80 41 86 1 9 84 45 28 46 
49 86 54 38 37 91 11 22 50 23 33 54 75 21 94 49 71 53 38 20 92 98 95 66 33 65 11 59 78 6 76 23 4 89 76 6 4 80 39 51 84 68 33 86 93 21 73 31 17 45 60 97 73 21 51 75 79 74 95 14 5 22 83 84 86 10 21 33 10 38 8 69 14 37 54 82 66 43 69 4 75 8 54 90 73 34 29 27 0 57 0 89 3 69 71 65 93 5 33 30 
18 23 16 99 8 26 17 43 65 63 31 85 94 16 40 13 36 66 43 32 62 37 90 38 5 63 91 65 74 6 58 53 2 5 11 11 96 93 76 55 7 71 37 82 30 70 92 18 79 63 74 44 80 25 34 80 69 62 19 27 10 13 86 95 40 42 87 37 57 23 10 76 61 42 12 3 28 43 92 51 53 57 31 26 9 33 32 56 90 0 70 78 4 63 45 59 61 89 69 28 
84 70 92 55 89 98 88 97 13 56 0 84 33 77 39 92 50 72 51 10 54 28 28 85 20 55 16 91 77 3 58 25 49 29 75 99 42 23 45 87 91 38 73 28 57 72 61 62 75 23 53 77 51 16 34 92 6 72 40 1 41 45 54 55 87 96 90 47 86 43 90 67 74 78 49 0 29 92 91 64 22 44 16 18 41 65 58 98 3 96 0 90 89 27 48 4 1 84 57 79 
37 39 22 66 21 9 76 18 65 75 12 58 48 98 12 64 20 50 40 16 73 82 44 58 51 25 3 68 88 20 98 74 55 64 29 26 36 57 23 38 94 93 33 28 75 96 28 13 3 0 72 46 10 72 36 3 55 49 31 51 40 92 92 97 12 5 19 81 9 14 37 94 95 81 66 52 33 55 42 59 27 88 93 6 16 32 24 70 10 53 54 0 4 84 24 35 78 64 66 81 
99 88 59 4 49 64 6 0 3 57 76 27 69 56 51 60 39 37 3 56 87 11 84 31 39 85 35 91 70 92 35 86 32 8 96 42 81 21 43 66 15 4 2 75 0 38 51 84 53 93 8 40 30 9 93 95 16 15 49 20 85 26 84 70 40 26 58 57 52 30 62 57 3 22 2 94 72 50 78 74 41 78 8 92 75 66 78 77 72 74 59 26 0 67 84 41 82 76 90 61 
14 23 12 30 87 71 62 79 44 84 11 19 29 54 2 70 3 9 49 34 94 18 25 33 45 96 49 90 29 75 7 12 13 98 74 22 55 36 61 34 36 26 4 77 30 12 41 15 63 38 23 36 1 66 36 30 84 59 60 52 16 74 6 76 74 17 31 84 98 48 46 82 72 20 79 82 35 20 61 67 70 47 6 38 2 92 53 95 73 93 52 29 26 0 15 35 4 25 71 25 
11 58 6 18 92 62 35 92 81 51 77 68 40 58 99 96 39 70 13 2 31 99 2 42 50 44 72 13 89 50 21 52 19 27 7 1 84 80 10 41 73 15 31 86 25 69 65 11 67 36 60 83 87 53 53 27 15 12 89 65 22 49 51 38 48 56 33 19 77 16 51 39 92 81 46 37 48 44 0 69 2 68 57 62 74 84 32 40 92 97 68 59 48 93 0 93 56 2 97 7 
11 19 67 4 31 5 73 35 14 54 75 93 21 92 87 61 29 57 84 33 75 14 72 75 26 30 52 58 55 8 15 85 98 63 5 26 96 28 58 21 28 94 34 36 16 17 17 39 8 67 93 33 70 27 16 57 35 33 16 3 94 80 17 59 39 49 95 57 38 12 16 76 93 52 69 65 28 97 17 59 52 37 95 92 36 56 38 2 2 72 31 76 45 45 59 0 30 11 64 94 
29 21 27 80 72 86 9 16 47 66 48 11 41 17 59 18 93 82 86 48 87 46 68 87 53 92 59 34 33 6 5 49 61 45 32 57 62 43 49 95 7 51 30 31 90 35 75 38 61 54 39 25 3 80 13 73 70 3 14 5 49 3 47 71 26 14 27 20 73 19 75 93 77 54 43 26 57 13 28 75 4 73 73 10 22 71 22 81 74 42 75 53 12 31 31 0 0 76 81 64 
95 82 63 84 76 65 23 67 68 82 24 48 96 50 80 86 14 93 52 67 63 94 62 28 5 4 78 64 67 35 93 31 65 59 30 75 42 99 14 50 32 66 84 48 31 51 62 84 2 22 19 37 59 6 34 54 22 36 0 67 86 79 34 76 4 82 70 9 16 14 11 88 86 4 68 67 54 82 15 97 65 99 88 28 21 78 62 45 23 33 92 51 87 63 40 23 96 0 22 92 
49 71 87 51 5 22 24 57 5 67 17 27 79 3 84 70 15 45 78 22 77 68 38 30 93 39 32 19 36 77 12 31 60 85 18 72 25 29 38 86 67 76 73 38 44 25 11 18 6 22 69 46 54 86 39 4 28 59 42 51 59 16 67 13 74 63 71 56 85 95 67 5 93 78 61 37 66 62 94 39 67 74 60 82 1 52 0 4 1 61 52 33 48 53 91 79 30 33 0 61 
54 55 47 58 47 94 97 48 18 8 11 44 26 39 71 75 47 4 46 14 46 28 94 96 15 0 46 60 24 28 55 90 14 0 69 19 83 47 9 53 87 45 63 46 7 25 94 74 47 92 93 24 68 20 66 52 27 61 26 11 69 53 64 28 16 77 74 91 47 59 86 89 75 83 98 51 62 10 48 96 4 90 13 50 48 69 56 97 88 84 82 18 22 57 54 59 85 88 85 0 
